kcer_neg_gain = 1./13.851, 1./11.9211, 1./13.9878, 1./12.1441, 1./11.2944, 1./10.26761, 1./12.1627, 
kcer_pos_gain = 1./7.29219, 1./10.9265, 1./11.4911, 1./11.4162, 1./11.1225, 1./10.9471, 1./11.27093,
